[gd_scene load_steps=3 format=2]

[ext_resource path="res://Assets/Models/Entities/Player.tres" type="ArrayMesh" id=1]

[sub_resource type="Skin" id=1]
resource_name = "Skin"
bind_count = 41
bind/0/name = "hips"
bind/0/bone = -1
bind/0/pose = Transform( 1, 0, 0, 0, 1, 0, 0, -1.44144e-07, 1, 1.65606e-05, -0.455988, 0.0501321 )
bind/1/name = "spine"
bind/1/bone = -1
bind/1/pose = Transform( 1, 0, 0, 0, 0.996859, -0.0791959, 0, 0.0791958, 0.996859, 1.65606e-05, -0.520031, 0.0138622 )
bind/2/name = "spine_1"
bind/2/bone = -1
bind/2/pose = Transform( 1, 0, 0, 0, 0.996859, -0.079196, 0, 0.0791958, 0.996859, 1.65606e-05, -0.591787, 0.0138622 )
bind/3/name = "spine_2"
bind/3/bone = -1
bind/3/pose = Transform( 1, 0, 0, 0, 0.996859, -0.0791961, 0, 0.0791959, 0.996859, 1.65606e-05, -0.673794, 0.0138621 )
bind/4/name = "neck"
bind/4/bone = -1
bind/4/pose = Transform( 1, 0, 0, 0, 1, 0, 0, -1.3411e-07, 1, 1.65606e-05, -0.762547, 0.0744868 )
bind/5/name = "head"
bind/5/bone = -1
bind/5/pose = Transform( 1, 0, 0, 0, 1, 1.37966e-08, 0, -1.47907e-07, 1, 1.65606e-05, -0.859467, 0.0472642 )
bind/6/name = "head_top_end"
bind/6/bone = -1
bind/6/pose = Transform( 1, 0, 0, 0, 1, 4.13897e-08, 0, -1.755e-07, 1, 1.65606e-05, -0.989445, 0.0107565 )
bind/7/name = "left_shoulder"
bind/7/bone = -1
bind/7/pose = Transform( -0.0507024, -0.0792949, -0.995561, 0.828905, -0.559385, 0.00233933, -0.557087, -0.825107, 0.0940902, -0.0137093, 0.394828, 0.635978 )
bind/8/name = "left_arm"
bind/8/bone = -1
bind/8/pose = Transform( 0.00355081, 0.00108014, -0.999993, 0.349679, -0.93687, 0.000229774, -0.936863, -0.349677, -0.00370426, -0.0753084, 0.635848, 0.322193 )
bind/9/name = "left_fore_arm"
bind/9/bone = -1
bind/9/pose = Transform( 0.0282562, -0.0651312, -0.997476, 0.0608074, -0.995915, 0.0667519, -0.997749, -0.0625402, -0.0241803, -0.042293, 0.542159, 0.171846 )
bind/10/name = "left_hand"
bind/10/bone = -1
bind/10/pose = Transform( 0.491894, -0.112629, -0.863339, 0.0288871, -0.98894, 0.145473, -0.870176, -0.0964968, -0.4832, -0.0817312, 0.422919, 0.137183 )
bind/11/name = "left_hand_thumb_1"
bind/11/bone = -1
bind/11/pose = Transform( 0.448161, -0.562555, -0.694754, -0.20478, -0.821109, 0.532771, -0.870182, -0.0964955, -0.483189, 0.12823, 0.389174, 0.137184 )
bind/12/name = "left_hand_thumb_2"
bind/12/bone = -1
bind/12/pose = Transform( 0.448161, -0.562556, -0.694753, -0.533659, -0.791856, 0.296937, -0.717189, 0.237686, -0.655092, 0.130175, 0.394912, -0.0214891 )
bind/13/name = "left_hand_thumb_3"
bind/13/bone = -1
bind/13/pose = Transform( 0.44816, -0.562557, -0.694753, -0.551083, -0.78579, 0.280787, -0.703889, 0.257029, -0.662175, 0.131391, 0.374792, -0.0306875 )
bind/14/name = "left_hand_thumb_4"
bind/14/bone = -1
bind/14/pose = Transform( 0.44816, -0.562557, -0.694753, -0.551083, -0.78579, 0.280787, -0.703889, 0.257029, -0.662175, 0.12823, 0.357691, -0.0306875 )
bind/15/name = "left_hand_index_1"
bind/15/bone = -1
bind/15/pose = Transform( 0.479895, 0.056345, -0.875515, 0.0393489, -0.998314, -0.0426795, -0.876443, -0.0139689, -0.481303, -0.14709, 0.383673, 0.104558 )
bind/16/name = "left_hand_index_2"
bind/16/bone = -1
bind/16/pose = Transform( 0.479897, 0.0563457, -0.875514, -0.156938, -0.976326, -0.148856, -0.863174, 0.208837, -0.459693, -0.148285, 0.371995, 0.0222248 )
bind/17/name = "left_hand_index_3"
bind/17/bone = -1
bind/17/pose = Transform( 0.479915, 0.0563444, -0.875503, 0.00822155, -0.99818, -0.0597326, -0.877276, 0.0214687, -0.479505, -0.146629, 0.335678, 0.0869123 )
bind/18/name = "left_hand_index_4"
bind/18/bone = -1
bind/18/pose = Transform( 0.479915, 0.0563445, -0.875503, 0.00822157, -0.99818, -0.0597327, -0.877276, 0.0214687, -0.479505, -0.147092, 0.318613, 0.0869123 )
bind/19/name = "right_shoulder"
bind/19/bone = -1
bind/19/pose = Transform( -0.0563205, 0.0792942, 0.995259, -0.828905, -0.559385, -0.00233929, 0.556547, -0.825107, 0.0972323, 0.0136878, 0.394452, 0.63623 )
bind/20/name = "right_arm"
bind/20/bone = -1
bind/20/pose = Transform( -0.0038456, 0.00151657, 0.999992, -0.349679, -0.93687, 7.6309e-05, 0.936862, -0.349675, 0.00413315, 0.073331, 0.635825, 0.322807 )
bind/21/name = "right_fore_arm"
bind/21/bone = -1
bind/21/pose = Transform( 0.0132149, 0.04732, 0.998793, -0.0608732, -0.996989, 0.0480401, 0.998058, -0.0614344, -0.0102946, 0.0505278, 0.54137, 0.172342 )
bind/22/name = "right_hand"
bind/22/bone = -1
bind/22/pose = Transform( 0.45786, 0.242339, 0.855358, 0.00929279, -0.963383, 0.26797, 0.888976, -0.114744, -0.443347, 0.0238677, 0.426576, 0.149048 )
bind/23/name = "right_hand_thumb_1"
bind/23/bone = -1
bind/23/pose = Transform( 0.420789, 0.586702, 0.691895, 0.180723, -0.801633, 0.569846, 0.888975, -0.114744, -0.443349, -0.141825, 0.380635, 0.149048 )
bind/24/name = "right_hand_thumb_2"
bind/24/bone = -1
bind/24/pose = Transform( 0.42079, 0.586701, 0.691895, 0.551107, -0.771157, 0.318745, 0.720567, 0.247184, -0.64783, -0.144698, 0.390496, -0.0240539 )
bind/25/name = "right_hand_thumb_3"
bind/25/bone = -1
bind/25/pose = Transform( 0.420791, 0.586701, 0.691894, 0.526335, -0.779101, 0.340548, 0.738855, 0.220869, -0.63664, -0.144012, 0.371393, -0.0114557 )
bind/26/name = "right_hand_thumb_4"
bind/26/bone = -1
bind/26/pose = Transform( 0.42079, 0.586702, 0.691894, 0.526336, -0.779101, 0.340548, 0.738855, 0.22087, -0.63664, -0.141825, 0.354542, -0.011456 )
bind/27/name = "right_hand_index_1"
bind/27/bone = -1
bind/27/pose = Transform( 0.436174, -0.0828849, 0.896038, -0.186872, -0.982384, 9.37284e-05, 0.880245, -0.167485, -0.443979, 0.151285, 0.359637, 0.167151 )
bind/28/name = "right_hand_index_2"
bind/28/bone = -1
bind/28/pose = Transform( 0.436171, -0.0828855, 0.896039, 0.174847, -0.968965, -0.174743, 0.882714, 0.232887, -0.408142, 0.153968, 0.369282, 0.0236473 )
bind/29/name = "right_hand_index_3"
bind/29/bone = -1
bind/29/pose = Transform( 0.436178, -0.0828839, 0.896036, 0.115613, -0.982335, -0.147145, 0.892403, 0.167775, -0.41889, 0.15217, 0.342744, 0.0465984 )
bind/30/name = "right_hand_index_4"
bind/30/bone = -1
bind/30/pose = Transform( 0.436177, -0.0828839, 0.896036, 0.115614, -0.982335, -0.147146, 0.892403, 0.167776, -0.41889, 0.151285, 0.32514, 0.0465982 )
bind/31/name = "left_up_leg"
bind/31/bone = -1
bind/31/pose = Transform( -0.995449, -0.0948867, -0.00887164, 0.0953006, -0.991128, -0.0926452, -8.2329e-07, -0.0930692, 0.99566, 0.0714186, 0.410953, 0.0849282 )
bind/32/name = "left_leg"
bind/32/bone = -1
bind/32/pose = Transform( -0.998526, -0.0540464, -0.00510896, 0.0538759, -0.998124, 0.0291019, -0.00667092, 0.0287834, 0.999564, 0.0637492, 0.196664, 0.0614221 )
bind/33/name = "left_foot"
bind/33/bone = -1
bind/33/pose = Transform( -0.973777, -0.0589676, -0.219736, -0.161184, -0.502814, 0.849235, -0.160563, 0.862381, 0.480123, 0.0490646, 0.0826434, 0.00576788 )
bind/34/name = "left_toe_base"
bind/34/bone = -1
bind/34/pose = Transform( -0.927173, -0.217713, -0.304881, -0.31215, -0.00105176, 0.950033, -0.207156, 0.976012, -0.0669845, 0.0471467, 0.0185274, 0.00609829 )
bind/35/name = "left_toe_end"
bind/35/bone = -1
bind/35/pose = Transform( -0.927173, -0.217713, -0.304881, -0.31215, -0.00105185, 0.950033, -0.207156, 0.976012, -0.0669844, 0.0471467, -0.0121508, 0.00609829 )
bind/36/name = "right_up_leg"
bind/36/bone = -1
bind/36/pose = Transform( -0.995429, 0.0951186, 0.00752642, -0.0954154, -0.992337, -0.0785024, 1.51687e-05, -0.0788623, 0.99688, -0.0715957, 0.411951, 0.0809429 )
bind/37/name = "right_leg"
bind/37/bone = -1
bind/37/pose = Transform( -0.998527, 0.0539257, 0.00428512, -0.0538994, -0.99853, 0.00573699, 0.00460162, 0.00549815, 0.999969, -0.0638188, 0.195174, 0.0646896 )
bind/38/name = "right_foot"
bind/38/bone = -1
bind/38/pose = Transform( -0.976487, 0.0539122, 0.208673, 0.156509, -0.488343, 0.858499, 0.148193, 0.870985, 0.468426, -0.0492423, 0.0844671, 0.00508889 )
bind/39/name = "right_toe_base"
bind/39/bone = -1
bind/39/pose = Transform( -0.921251, 0.241185, 0.305129, 0.314136, -0.00121003, 0.949375, 0.229342, 0.970478, -0.0746469, -0.046973, 0.0186481, 0.007244 )
bind/40/name = "right_toe_end"
bind/40/bone = -1
bind/40/pose = Transform( -0.921252, 0.241182, 0.305129, 0.314136, -0.00121009, 0.949375, 0.229339, 0.970479, -0.074646, -0.046973, -0.0118358, 0.00724387 )

[node name="Armature" type="Spatial"]
transform = Transform( -1, 0, -3.25841e-07, 0, 1, 0, 3.25841e-07, 0, -1, 0, 0, 0 )

[node name="Skeleton" type="Skeleton" parent="."]
bones/0/name = "hips"
bones/0/parent = -1
bones/0/rest = Transform( 0.998619, 0.0275108, 0.0447638, -0.0232023, 0.995295, -0.0940724, -0.0471412, 0.0929038, 0.994558, 0.000959154, 0.430821, 0.00434906 )
bones/0/enabled = true
bones/0/bound_children = [  ]
bones/1/name = "spine"
bones/1/parent = 0
bones/1/rest = Transform( 0.999626, -0.000871768, 0.027336, 0.00108628, 0.999969, -0.00783349, -0.0273283, 0.00786026, 0.999596, -1.81899e-12, 0.0613115, -0.00487093 )
bones/1/enabled = true
bones/1/bound_children = [  ]
bones/2/name = "spine_1"
bones/2/parent = 1
bones/2/rest = Transform( 0.998355, -0.033791, 0.0463235, 0.0412517, 0.984414, -0.170959, -0.0398247, 0.172589, 0.984188, 0, 0.0717557, -1.86265e-09 )
bones/2/enabled = true
bones/2/bound_children = [  ]
bones/3/name = "spine_2"
bones/3/parent = 2
bones/3/rest = Transform( 0.998355, -0.033791, 0.0463235, 0.0412517, 0.984414, -0.170959, -0.0398247, 0.172589, 0.984188, 0, 0.0820066, 1.86265e-09 )
bones/3/enabled = true
bones/3/bound_children = [  ]
bones/4/name = "neck"
bones/4/parent = 3
bones/4/rest = Transform( 0.998465, 0.00757686, -0.0548627, -0.00475078, 0.998664, 0.0514603, 0.0551793, -0.0511207, 0.997167, 0, 0.0922574, 1.61751e-07 )
bones/4/enabled = true
bones/4/bound_children = [  ]
bones/5/name = "head"
bones/5/parent = 4
bones/5/rest = Transform( 0.987593, 0.0908147, -0.128108, -0.0577287, 0.968649, 0.241632, 0.146036, -0.231239, 0.961874, 0, 0.0969201, 0.0272226 )
bones/5/enabled = true
bones/5/bound_children = [  ]
bones/6/name = "head_top_end"
bones/6/parent = 5
bones/6/rest = Transform( 1, 0, 0, 0, 1, -2.75931e-08, 0, 2.75931e-08, 1, 0, 0.129978, 0.0365078 )
bones/6/enabled = true
bones/6/bound_children = [  ]
bones/7/name = "left_shoulder"
bones/7/parent = 3
bones/7/rest = Transform( -0.0204742, 0.884487, -0.466116, 0.0138248, -0.465919, -0.884719, -0.999695, -0.0245579, -0.00268841, 0.0263408, 0.0742843, -0.0013524 )
bones/7/enabled = true
bones/7/bound_children = [  ]
bones/8/name = "left_arm"
bones/8/parent = 7
bones/8/rest = Transform( 0.86269, 0.503651, -0.0458389, -0.37756, 0.581094, -0.720957, -0.336474, 0.639269, 0.691462, 6.51926e-09, 0.0644841, 1.17812e-07 )
bones/8/enabled = true
bones/8/bound_children = [  ]
bones/9/name = "left_fore_arm"
bones/9/parent = 8
bones/9/rest = Transform( -0.243511, -0.951871, 0.186131, 0.969873, -0.240372, 0.0396055, 0.00704121, 0.190167, 0.981726, -1.05356e-08, 0.171331, -2.17988e-08 )
bones/9/enabled = true
bones/9/bound_children = [  ]
bones/10/name = "left_hand"
bones/10/parent = 9
bones/10/rest = Transform( 0.72572, -0.373317, 0.577897, 0.281642, 0.927576, 0.245521, -0.6277, -0.0154196, 0.778302, 5.58794e-09, 0.126178, -2.91038e-09 )
bones/10/enabled = true
bones/10/bound_children = [  ]
bones/11/name = "left_hand_thumb_1"
bones/11/parent = 10
bones/11/rest = Transform( 0.74602, -0.659626, 0.0913598, 0.663315, 0.723944, -0.189521, 0.058874, 0.201987, 0.977617, -0.0128203, 0.0189911, 9.86033e-08 )
bones/11/enabled = true
bones/11/bound_children = [  ]
bones/12/name = "left_hand_thumb_2"
bones/12/parent = 11
bones/12/rest = Transform( 0.980717, 0.191569, -0.0386716, -0.194702, 0.974832, -0.108597, 0.0168946, 0.114032, 0.993334, -0.00194307, 0.018237, -2.09942e-07 )
bones/12/enabled = true
bones/12/bound_children = [  ]
bones/13/name = "left_hand_thumb_3"
bones/13/parent = 12
bones/13/rest = Transform( 0.970104, -0.242686, 0.00148381, 0.242686, 0.970105, 9.25221e-05, -0.0014619, 0.000270343, 0.999999, -0.00121487, 0.019482, 6.66032e-07 )
bones/13/enabled = true
bones/13/bound_children = [  ]
bones/14/name = "left_hand_thumb_4"
bones/14/parent = 13
bones/14/rest = Transform( 1, 5.96047e-08, 5.21541e-08, -5.96047e-08, 1, -1.00176e-07, -5.21541e-08, 1.00176e-07, 1, 0.0031624, 0.0170974, -9.83938e-07 )
bones/14/enabled = true
bones/14/bound_children = [  ]
bones/15/name = "left_hand_index_1"
bones/15/parent = 10
bones/15/rest = Transform( 0.726626, -0.584067, 0.361773, 0.532946, 0.146876, -0.833304, 0.43357, 0.798306, 0.418001, -4.97482e-07, 0.0297006, 0.00125084 )
bones/15/enabled = true
bones/15/bound_children = [  ]
bones/16/name = "left_hand_index_2"
bones/16/parent = 15
bones/16/rest = Transform( 0.777103, -0.511741, 0.366378, 0.489282, 0.125058, -0.863113, 0.395872, 0.849989, 0.347569, 0.00119311, 0.0259853, -2.17109e-06 )
bones/16/enabled = true
bones/16/bound_children = [  ]
bones/17/name = "left_hand_index_3"
bones/17/parent = 16
bones/17/rest = Transform( 0.995863, -0.0907975, 0.0034867, 0.0907973, 0.995869, 0.000221613, -0.00349242, 9.58864e-05, 0.999994, -0.00165586, 0.0259638, 1.19217e-06 )
bones/17/enabled = true
bones/17/bound_children = [  ]
bones/18/name = "left_hand_index_4"
bones/18/parent = 17
bones/18/rest = Transform( 1, 1.08033e-07, 8.94652e-08, -1.08033e-07, 1, -2.98765e-08, -8.94652e-08, 2.98765e-08, 1, 0.000461468, 0.0170626, -1.33766e-06 )
bones/18/enabled = true
bones/18/bound_children = [  ]
bones/19/name = "right_shoulder"
bones/19/parent = 3
bones/19/rest = Transform( 0.0572345, -0.876627, 0.477754, -0.00798631, -0.478926, -0.877819, 0.998329, 0.0464261, -0.0344121, -0.0263418, 0.074296, -0.00150264 )
bones/19/enabled = true
bones/19/bound_children = [  ]
bones/20/name = "right_arm"
bones/20/parent = 19
bones/20/rest = Transform( 0.971399, -0.236668, 0.0193071, 0.203348, 0.787131, -0.582301, 0.122615, 0.569573, 0.812744, -5.58794e-09, 0.0644841, -4.00469e-08 )
bones/20/enabled = true
bones/20/bound_children = [  ]
bones/21/name = "right_fore_arm"
bones/21/parent = 20
bones/21/rest = Transform( 0.0187418, 0.996132, -0.0858423, -0.998523, 0.0142692, -0.0524229, -0.0509952, 0.0866981, 0.994928, 5.93718e-09, 0.171331, 2.06055e-08 )
bones/21/enabled = true
bones/21/bound_children = [  ]
bones/22/name = "right_hand"
bones/22/parent = 21
bones/22/rest = Transform( 0.89287, 0.12152, -0.433609, -0.109192, 0.992589, 0.0533318, 0.436876, -0.000271853, 0.899522, -1.28057e-09, 0.126042, -9.02219e-09 )
bones/22/enabled = true
bones/22/bound_children = [  ]
bones/23/name = "right_hand_thumb_1"
bones/23/parent = 22
bones/23/rest = Transform( 0.820337, 0.545157, -0.172773, -0.5717, 0.774167, -0.271709, -0.0143688, 0.321668, 0.946744, 0.0122106, 0.0205404, 1.06974e-06 )
bones/23/enabled = true
bones/23/bound_children = [  ]
bones/24/name = "right_hand_thumb_2"
bones/24/parent = 23
bones/24/rest = Transform( 0.999629, -0.0118621, 0.02451, 0.0138018, 0.996655, -0.0805502, -0.0234725, 0.0808586, 0.996449, 0.0028728, 0.0189054, -1.77367e-06 )
bones/24/enabled = true
bones/24/bound_children = [  ]
bones/25/name = "right_hand_thumb_3"
bones/25/parent = 24
bones/25/rest = Transform( 0.995551, 0.0941836, 0.00277886, -0.0941842, 0.995555, 9.67679e-05, -0.00275739, -0.000358062, 0.999996, -0.000685603, 0.0197094, 3.94011e-07 )
bones/25/enabled = true
bones/25/bound_children = [  ]
bones/26/name = "right_hand_thumb_4"
bones/26/parent = 25
bones/26/rest = Transform( 1, 8.49367e-07, 1.08778e-06, -8.49366e-07, 1, -5.99749e-07, -1.08778e-06, 5.99748e-07, 1, -0.0021879, 0.0168465, 6.72815e-07 )
bones/26/enabled = true
bones/26/bound_children = [  ]
bones/27/name = "right_hand_index_1"
bones/27/parent = 22
bones/27/rest = Transform( 0.81428, 0.466439, -0.345517, -0.481837, 0.211204, -0.850427, -0.323698, 0.858968, 0.396727, 1.02911e-06, 0.0293527, 0.00135653 )
bones/27/enabled = true
bones/27/bound_children = [  ]
bones/28/name = "right_hand_index_2"
bones/28/parent = 27
bones/28/rest = Transform( 0.807138, 0.471113, -0.355782, -0.423618, 0.0424324, -0.904846, -0.411188, 0.881052, 0.233821, -0.00268338, 0.029505, -3.33453e-06 )
bones/28/enabled = true
bones/28/bound_children = [  ]
bones/29/name = "right_hand_index_3"
bones/29/parent = 28
bones/29/rest = Transform( 0.999703, 0.0240449, -0.00414469, -0.0240439, 0.999711, 0.000309229, 0.00415093, -0.000209483, 0.999991, 0.001799, 0.0241936, 2.10207e-06 )
bones/29/enabled = true
bones/29/bound_children = [  ]
bones/30/name = "right_hand_index_4"
bones/30/parent = 29
bones/30/rest = Transform( 1, -1.86263e-08, 3.20841e-07, 1.86266e-08, 1, -8.95476e-07, -3.20841e-07, 8.95476e-07, 1, 0.000884916, 0.0176095, 7.14577e-07 )
bones/30/enabled = true
bones/30/bound_children = [  ]
bones/31/name = "left_up_leg"
bones/31/parent = 0
bones/31/rest = Transform( -0.993877, -0.0408707, 0.102648, 0.0813323, -0.899467, 0.429354, 0.0747808, 0.435074, 0.897283, 0.0319462, -0.0340001, 0.00427891 )
bones/31/enabled = true
bones/31/bound_children = [  ]
bones/32/name = "left_leg"
bones/32/parent = 31
bones/32/rest = Transform( 0.970195, -0.0476321, -0.237598, 0.227089, -0.16347, 0.960057, -0.0845695, -0.985398, -0.147781, 4.71482e-09, 0.226021, -1.04933e-08 )
bones/32/enabled = true
bones/32/bound_children = [  ]
bones/33/name = "left_foot"
bones/33/parent = 32
bones/33/rest = Transform( 0.966941, 0.149757, 0.206392, 0.198052, 0.0687798, -0.977775, -0.160624, 0.986328, 0.0368463, -2.38651e-09, 0.158797, 1.42609e-09 )
bones/33/enabled = true
bones/33/bound_children = [  ]
bones/34/name = "left_toe_base"
bones/34/parent = 33
bones/34/rest = Transform( 0.988929, 0.14044, 0.0479284, -0.0900449, 0.824643, -0.55844, -0.117951, 0.547942, 0.828159, -6.458e-07, 0.0698913, -3.01721e-06 )
bones/34/enabled = true
bones/34/bound_children = [  ]
bones/35/name = "left_toe_end"
bones/35/parent = 34
bones/35/rest = Transform( 1, -5.37621e-08, 1.90921e-07, 5.3762e-08, 1, 1.15923e-07, -1.90921e-07, -1.15923e-07, 1, -3.7835e-09, 0.0306782, -3.49246e-10 )
bones/35/enabled = true
bones/35/bound_children = [  ]
bones/36/name = "right_up_leg"
bones/36/parent = 0
bones/36/rest = Transform( -0.99693, 0.0332726, -0.0709898, -0.0478331, -0.975556, 0.214488, -0.062118, 0.217222, 0.97415, -0.0319462, -0.0340001, 0.00231948 )
bones/36/enabled = true
bones/36/bound_children = [  ]
bones/37/name = "right_leg"
bones/37/parent = 36
bones/37/rest = Transform( 0.999682, -0.0150981, -0.0202219, 0.0249782, 0.706277, 0.707494, 0.00360048, -0.707774, 0.70643, 3.66708e-09, 0.225745, 7.06666e-09 )
bones/37/enabled = true
bones/37/bound_children = [  ]
bones/38/name = "right_foot"
bones/38/parent = 37
bones/38/rest = Transform( 0.970845, -0.143409, -0.192079, -0.190847, 0.0224249, -0.981364, 0.145044, 0.98941, -0.00559819, -1.43773e-08, 0.158735, -5.80621e-09 )
bones/38/enabled = true
bones/38/bound_children = [  ]
bones/39/name = "right_toe_base"
bones/39/parent = 38
bones/39/rest = Transform( 0.917241, -0.323518, -0.232391, 0.0822428, 0.724648, -0.684194, 0.389751, 0.608458, 0.691284, 1.44272e-08, 0.0719766, 1.6996e-06 )
bones/39/enabled = true
bones/39/bound_children = [  ]
bones/40/name = "right_toe_end"
bones/40/parent = 39
bones/40/rest = Transform( 1, 3.47806e-09, 2.77068e-06, -3.47799e-09, 1, -2.23097e-08, -2.77068e-06, 2.23097e-08, 1, 9.20455e-07, 0.030484, 5.42968e-07 )
bones/40/enabled = true
bones/40/bound_children = [  ]

[node name="Alien" type="MeshInstance" parent="Skeleton"]
mesh = ExtResource( 1 )
skin = SubResource( 1 )
material/0 = null
material/1 = null
material/2 = null
